From To Distance
0    0    0
0    1    1
0    7    1
0    10    1
0    12    1
1    2    2
7    8    2
10    9    2
10    11    2
12    13    2
12    14    2
10    41    2
2    3    3
8    4    3
2    6    3
11    15    3
8    16    3
41    34    3
41    35    3
41    40    3
3    5    4
4    17    4
3    18    4
6    19    4
3    20    4
16    22    4
16    28    4
34    30    4
34    31    4
34    32    4
35    33    4
35    36    4
35    37    4
35    38    4
35    39    4
20    21    5
22    23    5
22    24    5
28    25    5
28    27    5
28    29    5
23    26    6
